146191 (2.58) 559952 (2.68) 560522 (3.43) 561144 (2.55)
561372 (2.48) 611974 (2.83) 615895 (2.97) 615897 (3.28)
616111 (3.17) 618751 (3.02) 621112 (3.41) 621372 (3.13)
622909 (3.43) 623019 (3.50) 624143 (3.49) 624170 (3.84)
627555 (3.63) 627601 (3.26) 628777 (2.77) 632083 (3.02)
633927 (3.48) 633991 (2.43) 635294 (3.34) 635622 (2.95)
636305 (3.65) 636689 (2.73) 636739 (2.70) 636839 (3.22)
637059 (2.60) 639649 (2.70) 640107 (2.85) 640202 (2.92)
641367 (3.20) 643030 (3.41) 643226 (2.35) 644962 (3.15)
644967 (3.08) 644972 (2.95) 646567 (2.96) 646782 (3.76)
647379 (3.18) 647394 (3.34) 647583 (3.81) 647598 (2.74)
648380 (2.93) 650302 (3.33) 650835 (2.95) 650838 (2.83)
650876 (2.82) 650912 (3.39) 650927 (2.92) 650930 (3.36)
656308 (2.56) 656323 (2.60) 656330 (2.27) 656331 (2.61)
656338 (2.50) 656346 (2.71) 656357 (2.61) 656358 (2.51)
656359 (2.86) 656368 (2.68) 656369 (2.45) 656370 (2.45)
656374 (3.08) 656377 (2.44) 656382 (3.63) 656383 (2.45)
656385 (2.87) 656390 (2.83) 656391 (2.73) 656392 (3.10)
656393 (3.05) 656396 (2.38) 656397 (3.05) 656400 (2.62)
656405 (3.14) 656410 (2.88) 656412 (3.61) 656417 (2.71)
656418 (3.71) 656421 (3.35) 656423 (2.43) 656424 (3.08)
656425 (3.43) 656426 (2.39) 656427 (3.06) 656428 (2.88)
656434 (3.65) 656436 (3.87) 656453 (3.00) 656459 (2.69)
656460 (2.55) 656475 (3.20) 656482 (2.33) 656493 (2.43)
656494 (3.40) 656496 (2.87) 656498 (2.85) 656505 (2.63)
656506 (2.56) 656508 (2.43) 656510 (2.95) 656512 (3.19)
656519 (2.96) 656528 (2.45) 656533 (2.61) 656543 (3.06)
656544 (2.80) 656545 (2.96) 656546 (3.00) 656547 (2.87)
656548 (2.99) 656549 (2.43) 656551 (2.62) 656552 (2.79)
656555 (3.07) 656556 (3.75) 656560 (3.35) 656561 (3.05)
656562 (2.79) 656567 (2.45) 656570 (3.29) 656575 (2.75)
656577 (3.23) 656579 (2.93) 656580 (2.62) 656582 (2.95)
656584 (2.70) 656585 (2.63) 656587 (3.71) 656589 (2.45)
656592 (2.48) 656593 (2.57) 656600 (2.50) 656605 (2.63)
656609 (2.79) 656611 (2.49) 656614 (2.51) 656617 (2.39)
656626 (2.43) 656649 (3.02) 656652 (2.87) 656658 (3.11)
656662 (2.92) 656663 (3.13) 656665 (3.07) 656668 (3.05)
656672 (3.67) 656674 (3.20) 656685 (3.21) 656690 (2.81)
656692 (2.69) 656698 (2.74) 656700 (3.65) 656701 (3.07)
656703 (3.01) 656704 (3.14) 656705 (3.27) 656708 (3.02)
656709 (3.31) 656710 (3.06) 656712 (3.06) 656713 (2.86)
656714 (2.81) 656715 (2.89) 656716 (3.27) 656717 (3.24)
656721 (2.65) 656722 (3.58) 656723 (3.07) 656724 (2.56)
656726 (2.67) 656727 (2.95) 656728 (3.67) 656729 (3.04)
Bangladesh Technical Education Board
Office of the Controller of Examinations
Agargaon, Sherebangla Nagar, Dhaka-1207
NOTICE Memo No. 57.17.0000.301.31.002.23.118 Date : 15-05-2023
Page 693 of 1170
656730 (3.13) 656731 (3.46) 656732 (3.46) 656734 (2.49)
656736 (2.95) 656738 (2.93) 656740 (3.14) 656741 (2.82)
656742 (3.10) 656745 (2.83) 656746 (3.35) 656747 (3.07)
656749 (2.77) 656753 (3.39) 656755 (3.50) 656765 (3.12)
656767 (2.71) 656769 (3.44) 656771 (3.13) 656774 (3.52)
656775 (2.86) 656776 (3.70) 656777 (2.83) 656778 (2.93)
656780 (3.55) 656781 (2.80) 656783 (2.68) 656784 (2.92)
656786 (3.18) 656787 (2.75) 656789 (2.54) 656792 (2.98)
656793 (2.95) 656809 (2.99) 656813 (2.29) 656815 (3.06)
656830 (3.27) 656831 (3.58) 656833 (3.56) 656835 (2.54)
656841 (3.80) 656842 (3.08) 656843 (3.15) 656844 (2.82)
656845 (3.65) 656847 (3.31) 656848 (3.56) 656849 (2.82)
656850 (3.12) 656851 (2.79) 656852 (3.25) 656855 (2.95)
656858 (2.85) 656860 (3.00) 656861 (3.17) 656864 (2.98)
656865 (3.38) 656866 (3.26) 656869 (2.95) 656870 (3.10)
656871 (2.79) 656873 (3.14) 656877 (3.01) 656881 (3.20)
656884 (2.64) 656887 (2.79) 656890 (2.87) 656892 (3.02)
656893 (3.58) 656899 (3.68) 656900 (2.79) 656901 (3.58)
656904 (3.75) 656906 (3.88) 656910 (2.91) 656913 (3.28)
656915 (3.16) 656916 (3.01) 656917 (2.70) 656918 (2.68)
656919 (2.76) 656921 (3.70) 656922 (3.43) 656923 (3.21)
656924 (2.78) 656925 (3.44) 656926 (2.71) 656927 (2.78)
656928 (2.41) 656930 (2.65) 656932 (3.85) 656935 (3.75)
656936 (3.53) 656937 (3.69) 656939 (3.54) 656940 (3.83)
656941 (3.11) 656942 (3.63) 656944 (3.03) 656945 (3.28)
656948 (3.66) 656949 (2.84) 656950 (2.74) 656952 (3.29)
656954 (2.53) 656955 (3.21) 656956 (2.70) 656957 (2.45)
656959 (2.78) 656960 (3.30) 656962 (3.39) 656963 (2.63)
656964 (3.05) 656965 (2.81) 656966 (2.59) 656967 (2.84)
656968 (3.29) 656970 (3.79) 656971 (3.65) 656972 (2.95)
656973 (3.70) 656974 (3.88) 656975 (2.79) 656976 (2.84)
656977 (3.26) 656979 (2.95) 656982 (3.04) 656983 (3.94)
656984 (3.10) 656986 (2.71) 656987 (2.69) 656989 (2.48)
656991 (2.81) 656992 (3.71) 656993 (3.15) 656994 (2.68)
656995 (3.20) 656996 (3.24) 656998 (3.04) 656999 (2.99)
657001 (3.21) 657005 (2.90) 657006 (2.55) 657007 (2.58)
657009 (3.18) 657011 (3.34) 657013 (3.79) 657014 (3.06)
657018 (2.80) 657019 (2.49) 657020 (3.06) 657022 (2.96)
657023 (3.28) 657024 (3.29) 657026 (2.79) 657030 (2.91)
657031 (3.58) 657032 (3.73) 657033 (3.54) 657034 (3.53)
657036 (3.56) 657037 (3.93) 657040 (3.69) 657043 (2.81)
657044 (3.61) 657045 (3.14) 657046 (2.71) 657049 (2.79)
657052 (3.08) 657053 (3.18) 657054 (3.80) 657055 (3.34)
657056 (2.99) 657057 (3.80) 657058 (3.34) 657060 (3.63)
657061 (3.20) 657063 (3.19) 657064 (3.34) 657066 (2.89)
657067 (3.01) 657070 (3.90) 657071 (2.91) 657073 (2.85)
657074 (3.73) 657076 (3.55) 657077 (3.94) 657079 (3.45)
Page 694 of 1170
657080 (3.70) 657081 (3.36) 657085 (2.94) 657087 (3.39)
657088 (3.68) 657089 (3.06) 657095 (2.58) 657097 (3.50)
657098 (3.51) 657099 (2.95) 657100 (3.34) 657102 (3.18)
657103 (2.64) 657104 (3.14) 657105 (3.56) 657106 (2.48)
657107 (2.64) 657108 (3.53) 657109 (3.06) 657110 (2.70)
657112 (2.66) 657113 (3.74) 657114 (2.71) 657115 (3.98)
657117 (3.10) 657119 (2.96) 657121 (3.59) 657122 (3.01)
657123 (3.39) 657125 (3.80) 657127 (2.55) 657128 (3.65)
657129 (3.49) 657131 (3.46) 657132 (3.03) 657134 (2.63)
657138 (3.78) 657139 (2.94) 657140 (3.36) 657141 (3.31)
657144 (2.75) 657146 (2.61) 657153 (2.64) 657154 (2.76)
657155 (2.75) 657159 (2.89) 657160 (2.78) 657161 (3.20)
657162 (3.28) 657163 (3.70) 657164 (3.84) 657165 (3.28)
657166 (3.20) 657167 (2.99) 657169 (3.51) 657171 (3.15)
657172 (2.46) 657173 (2.95) 657176 (2.79) 657177 (2.95)
657179 (3.34) 657181 (2.65) 657182 (3.49) 657183 (2.58)
657184 (2.74) 657185 (2.63) 657186 (3.14) 657188 (2.70)
657191 (2.31) 657193 (3.16) 657194 (2.81) 657195 (2.61)
657196 (2.81) 657197 (2.85) 657198 (3.53) 657200 (2.94)
657201 (3.29) 657203 (3.26) 657206 (3.49) 657207 (2.81)
657208 (3.18) 657212 (3.21) 657214 (2.60) 657215 (2.96)
657218 (3.36) 657219 (3.19) 657220 (3.24) 657221 (3.35)
657224 (2.90) 657225 (3.15) 657228 (2.65) 657229 (2.93)
657230 (3.06) 657231 (3.55) 657232 (3.54) 657233 (3.50)
657234 (2.96) 657235 (3.11) 657236 (3.75) 657237 (2.59)
657238 (2.90) 657239 (3.58) 657240 (3.15) 657241 (3.19)
657244 (3.40) 657245 (3.18) 657246 (3.08) 657247 (2.70)
657249 (3.48) 657250 (3.01) 657254 (3.21) 657257 (2.95)
657258 (3.25) 657259 (3.79) 657261 (3.25) 657262 (3.25)
657263 (3.03) 657265 (2.95) 657266 (3.30) 657268 (3.16)
657269 (3.04) 657273 (2.70) 657274 (3.45) 657276 (2.49)
657278 (3.18) 657282 (2.91) 657283 (3.33) 657284 (2.59)
657285 (3.03) 657287 (2.81) 657288 (2.59) 657292 (2.75)
657295 (2.85) 657299 (2.94) 657301 (3.32) 657302 (2.66)
657304 (3.65) 657307 (3.06) 657309 (3.89) 657310 (2.82)
657311 (2.63) 657312 (3.34) 657316 (2.74) 657319 (2.30)
657320 (2.67) 657322 (3.25) 657323 (2.97) 657324 (3.14)
657325 (3.26) 657326 (2.86) 657329 (2.75) 657333 (3.01)
657336 (2.90) 657337 (2.99) 657338 (3.09) 657339 (3.55)
657340 (3.52) 657341 (3.95) 657342 (2.47) 657344 (2.98)
657345 (3.14) 657346 (3.23) 657347 (2.50) 657350 (2.86)
657351 (3.35) 657353 (3.14) 657354 (3.23) 657355 (3.68)
657356 (3.11) 657357 (3.00) 657359 (3.81) 657360 (3.42)
657361 (3.10) 657363 (2.81) 657364 (3.95) 657365 (3.14)
657366 (2.80) 657367 (3.63) 657370 (3.49) 657372 (3.75)
657374 (3.39) 657375 (3.06) 657376 (2.98) 657380 (3.49)
657382 (4.00) 657384 (3.70) 657385 (3.86) 657386 (3.35)
Page 695 of 1170
657388 (3.81) 657389 (3.82) 657391 (3.06) 657393 (3.27)
657394 (2.84) 657395 (2.35) 657398 (3.19) 657399 (3.78)
657400 (3.57) 657401 (2.72) 657402 (3.51) 657403 (3.58)
657404 (2.84) 657406 (2.55) 657409 (2.82) 657414 (2.56)
657415 (2.69) 657416 (3.24) 657422 (3.07) 657426 (2.94)
657428 (3.65) 657431 (3.20) 657433 (3.19) 657434 (2.77)
657435 (3.32) 657438 (3.13) 657439 (2.99) 657440 (3.22)
657441 (3.86) 657442 (3.73) 657443 (3.41) 657444 (3.42)
657445 (3.24) 657446 (3.63) 657447 (3.31) 657450 (3.84)
657451 (2.90) 657453 (2.72) 657455 (3.72) 657456 (3.17)
657457 (3.67) 657458 (3.26) 657459 (2.85) 657460 (3.36)
657461 (2.67) 657462 (3.10) 657466 (3.00) 657468 (3.44)
657470 (3.28) 657471 (3.47) 657472 (3.16) 657473 (3.83)
657474 (2.93) 657475 (3.09) 657476 (3.31) 657478 (3.43)
657479 (2.49) 657481 (2.52) 657485 (3.16) 657486 (3.42)
657487 (3.36) 657495 (3.36) 657497 (3.06) 657500 (3.17)
657501 (3.07) 657502 (2.70) 657506 (3.25) 657507 (2.43)
657508 (2.65) 657509 (3.05) 657510 (2.72) 657511 (3.10)
657512 (2.88) 657514 (3.32) 657515 (3.51) 657518 (2.63)
657519 (3.02) 657520 (2.76) 657522 (3.03) 657524 (3.01)
657525 (2.60) 657526 (3.01) 657527 (3.07) 657529 (2.52)
657532 (2.88) 657533 (3.11) 657534 (2.97) 657536 (2.57)
657542 (2.77) 657544 (2.94) 657548 (2.97) 657549 (3.40)
657550 (3.17) 657552 (2.42) 657553 (2.97) 657554 (3.50)
657560 (2.61) 657564 (2.57) 657567 (3.83) 657568 (3.80)
657570 (3.03) 657571 (3.35) 657574 (2.70) 657576 (3.57)
657579 (2.86) 657582 (2.59) 657587 (2.46) 657589 (3.00)
657591 (2.83) 657592 (2.89) 657593 (3.11) 657595 (2.57)
657605 (2.76) 657608 (2.65) 657611 (3.57) 657615 (2.87)
657620 (2.96) 657633 (2.57) 657635 (3.07) 657636 (3.50)
657640 (2.78) 657641 (3.37) 657643 (2.72) 657647 (2.83)
657650 (2.65) 657657 (2.80) 657658 (2.91) 657661 (3.04)
657662 (2.52) 657664 (3.61) 657665 (2.59) 657667 (3.61)
657669 (3.63) 657670 (2.52) 657673 (3.26) 657675 (3.63)
657676 (2.85) 657678 (2.80) 657680 (3.50) 657684 (2.89)
657686 (2.37) 657707 (2.76) 657718 (2.85) 657719 (2.43)
657720 (2.61) 657722 (2.37) 657723 (2.59) 657724 (3.04)
657725 (2.59) 657726 (2.61) 657729 (3.00) 657731 (2.46)
657733 (2.57) 657735 (3.13) 657736 (2.50) 657737 (2.63)
657739 (3.11) 657740 (2.85) 657741 (2.46) 657744 (3.09)
657745 (3.67) 657750 (2.87) 657751 (3.33) 657754 (3.15)
657756 (2.61) 657759 (2.74) 657763 (2.74) 657779 (2.46)
657783 (3.22) 657789 (3.22) 657791 (3.49) 657793 (2.35)
657795 (3.33) 657800 (2.69) 657801 (3.27) 657813 (2.76)
657826 (2.58) 657832 (2.56) 657833 (3.03) 657839 (2.39)
657840 (2.45) 657844 (2.72) 657850 (2.84) 657853 (2.77)
657854 (3.74) 657857 (3.06) 657860 (2.88) 657861 (2.63)
Page 696 of 1170
657862 (2.80) 657864 (2.51) 657865 (3.00) 657868 (2.89)
657869 (3.39) 657890 (3.23) 657895 (2.53) 657897 (3.16)
657902 (2.44) 657903 (2.98) 657907 (2.65) 657908 (2.74)
657909 (2.84) 657923 (3.93) 657932 (2.66) 657942 (3.39)
657952 (2.68) 657955 (3.06) 657961 (2.74) 657962 (2.73)
657971 (2.94) 657973 (2.86) 657974 (3.57) 657977 (2.58)
657981 (3.04) 657983 (2.77) 657986 (2.72) 657989 (3.68)
657990 (2.48) 657991 (2.53) 657992 (3.63) 657994 (2.92)
657996 (3.12) 658002 (2.78) 658003 (2.49) 658006 (2.51)
658010 (2.76) 658014 (2.71) 658015 (2.99) 658019 (3.45)
658022 (2.42) 658023 (2.55) 658024 (2.51) 658025 (2.71)
658027 (3.13) 658028 (2.25) 658030 (2.48) 658031 (2.53)
658032 (3.24) 658033 (3.48) 658034 (2.45) 658035 (2.39)
658037 (3.17) 658038 (2.93) 658040 (2.99) 658041 (3.87)
658043 (3.13) 658046 (2.58) 658047 (2.46) 658049 (3.20)
658050 (2.63) 658051 (3.26) 658054 (3.60) 658055 (2.26)
658056 (2.73) 658057 (3.72) 658058 (3.47) 658059 (3.42)
658060 (2.79) 658061 (2.72) 658062 (2.68) 658063 (2.49)
658064 (2.76) 658065 (3.79) 658066 (3.25) 658069 (2.66)
658070 (2.38) 658072 (3.70) 658073 (2.97) 658074 (2.97)
658075 (2.90) 658077 (2.55) 658078 (2.36) 658080 (3.32)
658081 (3.26) 658082 (3.03) 658083 (2.71) 658084 (2.76)
658086 (2.62) 658088 (2.35) 658089 (2.74) 658090 (2.83)
658091 (2.41) 658092 (3.61) 658093 (2.80) 658094 (3.36)
658095 (2.49) 658096 (2.85) 658098 (3.47) 658099 (2.79)
658100 (2.66) 658101 (2.70) 658103 (2.92) 658104 (3.27)
658105 (2.70) 658107 (2.91) 658109 (2.50) 658112 (3.67)
658115 (2.66) 658116 (2.74) 658123 (3.03) 658124 (3.70)
658126 (2.92) 658130 (2.93) 658131 (3.14) 658132 (3.15)
658135 (2.93) 658137 (3.15) 658138 (3.30) 658139 (3.57)
658141 (3.74) 658145 (3.09) 658152 (2.49) 658155 (3.04)
658156 (3.13) 658157 (2.40) 658158 (2.68) 658159 (3.35)
658161 (3.59) 658162 (2.47) 658163 (2.89) 658164 (3.52)
658165 (2.65) 658166 (3.08) 658170 (2.45) 658171 (2.53)
658172 (3.01) 658174 (3.61) 658177 (3.41) 658179 (2.73)
658180 (2.84) 658182 (3.33) 658184 (2.75) 658185 (2.78)
658186 (3.48) 658188 (2.52) 658190 (3.70) 658193 (3.42)
658194 (2.95) 658196 (3.20) 658198 (2.49) 658204 (2.87)
658205 (2.78) 658211 (3.26) 658212 (2.47) 658214 (2.63)
658218 (2.61) 658219 (3.12) 658222 (3.37) 658225 (3.38)
658231 (2.92) 658232 (2.82) 658234 (2.82) 658237 (3.42)
658239 (2.53) 658240 (2.87) 658242 (2.67) 658248 (3.23)
658250 (2.73) 658253 (2.62) 658255 (2.76) 658257 (3.17)
658258 (2.80) 658259 (2.70) 658265 (3.03) 658266 (3.54)
658267 (3.05) 658276 (2.74) 658284 (3.19) 658289 (2.43)
658290 (2.48) 658293 (2.64) 658296 (2.71) 658299 (2.95)
658305 (2.63) 658306 (2.38) 658308 (3.10) 658316 (2.81)
Page 697 of 1170
658319 (2.81) 658335 (2.62) 658340 (2.90) 658346 (2.32)
658348 (2.32) 658349 (3.14) 658350 (2.74) 658352 (2.86)
658360 (2.74) 658363 (2.55) 658367 (2.86) 658376 (3.17)
658377 (3.24) 658381 (3.60) 658383 (2.95) 658390 (3.17)
658392 (2.98) 658394 (3.04) 658396 (2.55) 658397 (2.65)
658399 (2.64) 658408 (2.93) 658412 (2.88) 658428 (2.70)
658433 (3.36) 658434 (3.43) 658436 (2.89) 658441 (2.95)
658444 (3.05) 658448 (3.14) 658449 (3.29) 658451 (3.26)
658454 (3.00) 658460 (3.13) 658461 (2.88) 658463 (3.69)
658464 (3.52) 658476 (2.66) 658481 (2.60) 658486 (2.47)
658494 (2.91) 658496 (2.53) 658500 (2.78) 658501 (2.95)
658508 (2.60) 658511 (2.78) 658514 (2.50) 658525 (2.59)
658536 (2.41) 658537 (2.86) 658540 (3.07) 658541 (2.75)
658542 (3.02) 658543 (2.63) 658557 (3.52) 658560 (3.22)
658562 (2.98) 658570 (2.47) 658579 (2.63) 658596 (3.30)
658597 (3.18) 658600 (2.93) 658622 (3.11) 658624 (3.35)
658627 (3.59) 658635 (2.80) 658650 (2.95) 658659 (2.86)
658660 (3.24) 658661 (3.21) 658662 (3.14) 658663 (3.24)
658664 (3.02) 658666 (3.01) 658669 (2.74) 658670 (3.55)
658672 (3.40) 658673 (2.73) 658674 (3.08) 658675 (2.95)
658677 (3.13) 658678 (3.73) 658679 (3.18) 658681 (3.04)
658685 (2.86) 658688 (2.81) 658689 (2.94) 658693 (2.60)
658694 (2.79) 658695 (3.17) 658696 (3.27) 658697 (3.48)
658699 (3.13) 658700 (3.42) 658701 (3.49) 658702 (3.02)
658703 (2.88) 658704 (3.33) 658709 (3.38) 658710 (3.51)
658712 (3.42) 658713 (3.43) 658714 (3.63) 658716 (2.95)
658717 (3.18) 658719 (3.54) 658722 (2.86) 658725 (2.88)
658727 (3.57) 658728 (3.29) 658729 (2.70) 658730 (3.48)
658731 (3.35) 658733 (3.54) 658734 (2.90) 658735 (2.70)
658738 (3.24) 658739 (3.04) 658740 (2.77) 658741 (2.86)
658742 (3.27) 658743 (2.93) 658744 (3.74) 658745 (2.85)
658748 (2.89) 658750 (3.31) 658753 (2.82) 658754 (3.56)
658757 (3.31) 658759 (2.93) 658760 (2.64) 658761 (2.73)
658764 (3.06) 658765 (2.68) 658766 (2.42) 658768 (3.10)
658769 (2.76) 658773 (2.96) 658774 (3.57) 658775 (2.92)
658779 (2.79) 658781 (3.11) 658787 (2.76) 658790 (2.75)
658791 (2.69) 658793 (2.60) 658795 (2.99) 658799 (2.92)
658801 (2.82) 658804 (2.95) 658805 (2.80) 658806 (2.95)
658807 (3.32) 658810 (3.08) 658811 (2.88) 658812 (2.56)
658815 (3.00) 658816 (2.70) 658817 (3.02) 658818 (2.51)
658832 (2.92) 658833 (3.19) 658835 (2.98) 658836 (3.29)
658838 (2.64) 658839 (3.18) 658840 (3.07) 658842 (3.64)
658844 (3.46) 658845 (3.27) 658850 (3.21) 658851 (3.05)
658852 (3.00) 658854 (3.15) 658860 (2.63) 658889 (3.31)
658893 (2.58) 658900 (2.61) 658922 (2.78) 658936 (2.98)
658939 (3.45) 658946 (3.53) 658949 (2.75) 666229 (2.60)
668450 (3.63) 668696 (3.32) 671888 (2.74) 671904 (2.96)
Page 698 of 1170
2 It is to be notified all concerned that roll numbers who have failed in three or less subjects in the 2nd Semester (2022 Regulation) Examination of DIPLOMA IN ENGINEERING, 2022
held in Jan-Mar, 2023 are listed below in accordance with the notification no. 57.17.0000.301.31.002.23.118 dated 15-05-2023 in regulation of the board. The subjects in which the
student has referred in any semester are listed beside the respective roll numbers.
672641 (2.64) 672672 (2.50) 674462 (2.55) 675045 (3.09)
675248 (2.82) 675318 (2.88) 675370 (3.01) 675719 (2.99)
676126 (2.92) 676717 (3.07) 677011 (2.52) 677041 (3.35)
677236 (3.02) 677299 (2.94) 677570 (2.67) 677576 (2.24)
677650 (3.05) 678616 (3.60) 680438 (3.28) 680549 (2.89)
680596 (2.65) 681261 (2.60) 681536 (3.66) 682692 (3.40)
682706 (3.03) 684765 (2.79) 685759 (3.55) 685962 (2.99)
688169 (2.32) 688193 (2.61)