652815 (3.43)
652821 (3.08)
652829 (3.08)
652833 (3.38)
652839 (2.90)
652847 (3.20)
652855 (3.50)
652866 (2.95)
652877 (2.95)
652810 (3.23)
652819 (3.45)
652828 (3.15)
652832 (3.35)
652837 (3.08)
652846 (3.43)
652854 (3.13)
652864 (3.13)
652870 (3.13)
652883 (3.30)
652808 (3.75)
652818 (3.83)
652824 (3.35)
652831 (3.25)
652836 (2.88)
652843 (3.00)
652853 (2.93)
652858 (3.10)
652869 (3.30)
652881 (3.10)
652817 (3.43)
652822 (3.93)
652830 (3.60)
652834 (2.95)
652842 (3.53)
652848 (3.43)
652857 (3.03)
652867 (3.50)
652880 (3.53)
