652733 (3.68)
652748 (3.07)
652759 (3.61)
652771 (2.73)
652779 (2.71)
652790 (2.57)
652797 (2.89)
652818 (3.17)
652824 (2.64)
652831 (2.87)
652846 (2.80)
652857 (2.88)
652933 (2.42)
652949 (2.52)
652958 (2.38)
652981 (2.45)
653005 (2.56)
653025 (2.94)
653040 (2.57)
653048 (2.70)
653074 (2.54)
653097 (2.58)
653135 (3.77)
653143 (3.48)
653153 (3.07)
653175 (2.73)
653185 (2.43)
653193 (2.90)
653200 (2.90)
653262 (2.75)
676956 (2.90)
646163 (3.33)
652744 (3.17)
652757 (2.79)
652764 (2.76)
652778 (2.79)
652788 (2.63)
652795 (2.89)
652817 (2.93)
652822 (3.12)
652830 (2.75)
652842 (2.87)
652855 (2.87)
652923 (2.52)
652947 (2.42)
652957 (2.42)
652977 (2.37)
653003 (2.96)
653023 (2.89)
653034 (2.48)
653047 (2.83)
653070 (2.51)
653091 (2.86)
653127 (3.21)
653142 (3.14)
653151 (2.92)
653173 (2.75)
653184 (2.67)
653191 (2.69)
653196 (3.04)
653235 (3.23)
674656 (3.19)
645107 (2.87)
652742 (2.93)
652751 (2.79)
652762 (2.61)
652777 (2.25)
652785 (3.25)
652794 (3.14)
652810 (2.99)
652821 (2.43)
652829 (2.67)
652837 (3.01)
652848 (2.51)
652900 (2.60)
652942 (2.36)
652954 (2.65)
652968 (2.50)
652996 (3.21)
653021 (2.55)
653033 (2.96)
653043 (2.55)
653068 (2.40)
653077 (2.49)
653118 (3.06)
653139 (2.89)
653150 (3.14)
653167 (3.15)
653183 (2.74)
653187 (3.01)
653195 (3.36)
653225 (2.62)
666327 (3.12)
635602 (2.80)
652734 (3.17)
652750 (3.42)
652761 (3.87)
652775 (2.43)
652783 (3.13)
652792 (2.35)
652808 (3.00)
652819 (2.92)
652828 (2.62)
652833 (2.71)
652847 (2.54)
652883 (2.36)
652939 (2.42)
652953 (2.54)
652965 (2.30)
652988 (2.50)
653011 (3.01)
653026 (3.15)
653041 (2.75)
653060 (2.69)
653075 (3.38)
653115 (3.07)
653136 (3.67)
653144 (2.70)
653166 (2.75)
653178 (3.08)
653186 (3.24)
653194 (2.79)
653201 (3.20)
653277 (3.42)
679355 (2.92)