652733 (4.00)
652744 (3.38)
652750 (3.68)
652759 (3.90)
652764 (3.23)
652777 (2.80)
652785 (3.58)
652794 (3.78)
652803 (3.30)
652815 (3.43)
652821 (3.08)
652829 (3.08)
652833 (3.38)
652839 (2.90)
652847 (3.20)
652855 (3.50)
652866 (2.95)
652877 (2.95)
652888 (3.02)
652899 (2.74)
652906 (2.62)
652910 (3.10)
652923 (3.08)
652939 (2.83)
652947 (2.58)
652958 (2.81)
652968 (2.79)
652988 (2.95)
653011 (3.13)
653025 (3.37)
653033 (3.80)
653043 (3.29)
653053 (3.31)
653068 (3.24)
653077 (3.40)
653087 (3.31)
653092 (3.26)
653107 (3.27)
653117 (3.27)
653132 (3.08)
653139 (3.48)
653144 (3.51)
653150 (3.32)
653166 (3.42)
653178 (3.35)
653186 (3.38)
653194 (3.11)
653201 (3.79)
653208 (3.15)
653229 (3.00)
653250 (3.00)
653262 (3.39)
556047 (2.85)
652742 (3.48)
652748 (3.68)
652758 (3.15)
652763 (3.38)
652775 (3.40)
652783 (3.83)
652792 (2.95)
652800 (3.28)
652810 (3.23)
652819 (3.45)
652828 (3.15)
652832 (3.35)
652837 (3.08)
652846 (3.43)
652854 (3.13)
652864 (3.13)
652870 (3.13)
652883 (3.30)
652898 (2.93)
652905 (3.12)
652909 (3.08)
652916 (2.68)
652938 (3.14)
652945 (3.06)
652957 (2.93)
652965 (2.75)
652984 (2.71)
653005 (2.98)
653023 (3.48)
653031 (2.95)
653041 (3.15)
653048 (3.20)
653067 (2.93)
653075 (3.81)
653084 (3.14)
653091 (3.62)
653103 (3.06)
653115 (3.49)
653129 (3.31)
653138 (3.07)
653143 (3.63)
653149 (3.23)
653162 (3.36)
653175 (3.29)
653185 (3.01)
653193 (3.32)
653200 (3.45)
653207 (3.15)
653225 (3.26)
653236 (3.13)
653261 (2.96)
555847 (2.68)
652739 (3.05)
652747 (3.48)
652757 (3.25)
652762 (3.30)
652771 (3.40)
652779 (3.53)
652790 (3.33)
652797 (3.58)
652808 (3.75)
652818 (3.83)
652824 (3.35)
652831 (3.25)
652836 (2.88)
652843 (3.00)
652853 (2.93)
652858 (3.10)
652869 (3.30)
652881 (3.10)
652890 (2.70)
652902 (2.67)
652908 (3.11)
652914 (3.69)
652935 (2.79)
652944 (2.71)
652953 (2.95)
652963 (2.56)
652981 (2.61)
653003 (3.08)
653021 (3.14)
653028 (3.23)
653040 (3.15)
653047 (3.57)
653060 (3.62)
653074 (3.35)
653083 (2.87)
653090 (3.50)
653102 (3.08)
653113 (3.31)
653127 (3.77)
653136 (3.96)
653142 (3.58)
653147 (3.08)
653153 (3.25)
653173 (3.42)
653184 (3.19)
653191 (2.99)
653196 (3.46)
653206 (3.12)
653213 (2.92)
653235 (3.51)
653256 (3.17)
653265 (2.62) 
653275 (2.57)
452173 (2.93)
652734 (3.50)
652746 (2.98)
652751 (3.00)
652761 (3.98)
652768 (3.18)
652778 (3.25)
652788 (3.00)
652795 (3.38)
652805 (2.95)
652817 (3.43)
652822 (3.93)
652830 (3.60)
652834 (2.95)
652842 (3.53)
652848 (3.43)
652857 (3.03)
652867 (3.50)
652880 (3.53)
652889 (2.81)
652900 (3.06)
652907 (2.87)
652912 (3.06)
652927 (2.96)
652942 (2.81)
652949 (2.83)
652962 (2.39)
652970 (2.54)
652996 (3.56)
653015 (2.89)
653026 (3.45)
653034 (2.77)
653045 (3.31)
653059 (3.50)
653070 (3.07)
653078 (2.86)
653088 (3.35)
653097 (3.25)
653112 (3.04)
653118 (3.71)
653135 (3.75)
653140 (3.11)
653145 (3.23)
653151 (3.33)
653167 (3.30)
653183 (3.20)
653187 (3.17)
653195 (3.69)
653204 (2.88)
653212 (2.95)
653234 (2.75)
653253 (3.31)
653277 (3.85)